0 100 -5
1 99.8622 -5.1
2 99.7245 -5.2
3 99.587 -5.3
4 99.4496 -5.4
5 99.3124 -5.5
6 99.1754 -5.6
7 99.0385 -5.7
8 98.9017 -5.8
9 98.7651 -5.9
10 98.6286 -6
11 98.4923 -6.1
12 98.3562 -6.2
13 98.2201 -6.3
14 98.0843 -6.4
15 97.9485 -6.5
16 97.813 -6.6
17 97.6775 -6.7
18 97.5422 -6.8
19 97.4071 -6.9
20 97.2721 -7
21 97.1372 -7.1
22 97.0025 -7.2
23 96.8679 -7.3
24 96.7334 -7.4
25 96.5991 -7.5
26 96.465 -7.6
27 96.3309 -7.7
28 96.1971 -7.8
29 96.0633 -7.9
30 95.9297 -8
31 95.7962 -8.1
32 95.6629 -8.2
33 95.5297 -8.3
34 95.3966 -8.4
35 95.2637 -8.5
36 95.1308 -8.6
37 94.9982 -8.7
38 94.8656 -8.8
39 94.7332 -8.9
40 94.601 -9
41 94.4688 -9.1
42 94.3368 -9.2
43 94.2049 -9.3
44 94.0732 -9.4
45 93.9415 -9.5
46 93.81 -9.6
47 93.6787 -9.7
48 93.5474 -9.8
49 93.4163 -9.9
50 93.2853 -10
51 93.1544 -10.1
52 93.0237 -10.2
53 92.8931 -10.3
54 92.7626 -10.4
55 92.6322 -10.5
56 92.502 -10.6
57 92.3719 -10.7
58 92.2419 -10.8
59 92.112 -10.9
60 91.9823 -11
61 91.8526 -11.1
62 91.7231 -11.2
63 91.5937 -11.3
64 91.4645 -11.4
65 91.3353 -11.5
66 91.2063 -11.6
67 91.0774 -11.7
68 90.9486 -11.8
69 90.8199 -11.9
70 90.6913 -12
71 90.5629 -12.1
72 90.4346 -12.2
73 90.3064 -12.3
74 90.1783 -12.4
75 90.0503 -12.5
76 89.9224 -12.6
77 89.7947 -12.7
78 89.667 -12.8
79 89.5395 -12.9
80 89.4121 -13
81 89.2848 -13.1
82 89.1576 -13.2
83 89.0306 -13.3
84 88.9036 -13.4
85 88.7767 -13.5
86 88.65 -13.6
87 88.5234 -13.7
88 88.3969 -13.8
89 88.2704 -13.9
90 88.1441 -14
91 88.0179 -14.1
92 87.8919 -14.2
93 87.7659 -14.3
94 87.64 -14.4
95 87.5143 -14.5
96 87.3886 -14.6
97 87.263 -14.7
98 87.1376 -14.8
99 87.0123 -14.9
100 86.887 -15
101 86.7619 -15.1
102 86.6369 -15.2
103 86.512 -15.3
104 86.3871 -15.4
105 86.2624 -15.5
106 86.1378 -15.6
107 86.0133 -15.7
108 85.8889 -15.8
109 85.7646 -15.9
110 85.6404 -16
111 85.5163 -16.1
112 85.3923 -16.2
113 85.2684 -16.3
114 85.1446 -16.4
115 85.0209 -16.5
116 84.8973 -16.6
117 84.7738 -16.7
118 84.6504 -16.8
119 84.5271 -16.9
120 84.4039 -17
121 84.2808 -17.1
122 84.1578 -17.2
123 84.0349 -17.3
124 83.9121 -17.4
125 83.7894 -17.5
126 83.6667 -17.6
127 83.5442 -17.7
128 83.4218 -17.8
129 83.2994 -17.9
130 83.1772 -18
131 83.0551 -18.1
132 82.933 -18.2
133 82.8111 -18.3
134 82.6892 -18.4
135 82.5674 -18.5
136 82.4457 -18.6
137 82.3242 -18.7
138 82.2027 -18.8
139 82.0813 -18.9
140 81.96 -19
141 81.8387 -19.1
142 81.7176 -19.2
143 81.5966 -19.3
144 81.4756 -19.4
145 81.3548 -19.5
146 81.234 -19.6
147 81.1134 -19.7
148 80.9928 -19.8
149 80.8723 -19.9
150 80.7519 -20
151 80.6316 -20.1
152 80.5113 -20.2
153 80.3912 -20.3
154 80.2711 -20.4
155 80.1512 -20.5
156 80.0313 -20.6
157 79.9115 -20.7
158 79.7918 -20.8
159 79.6722 -20.9
160 79.5526 -21
161 79.4332 -21.1
162 79.3138 -21.2
163 79.1946 -21.3
164 79.0754 -21.4
165 78.9563 -21.5
166 78.8372 -21.6
167 78.7183 -21.7
168 78.5995 -21.8
169 78.4807 -21.9
170 78.362 -22
171 78.2434 -22.1
172 78.1249 -22.2
173 78.0064 -22.3
174 77.8881 -22.4
175 77.7698 -22.5
176 77.6516 -22.6
177 77.5335 -22.7
178 77.4155 -22.8
179 77.2975 -22.9
180 77.1797 -23
181 77.0619 -23.1
182 76.9442 -23.2
183 76.8266 -23.3
184 76.709 -23.4
185 76.5915 -23.5
186 76.4742 -23.6
187 76.3569 -23.7
188 76.2396 -23.8
189 76.1225 -23.9
190 76.0054 -24
191 75.8884 -24.1
192 75.7715 -24.2
193 75.6547 -24.3
194 75.5379 -24.4
195 75.4212 -24.5
196 75.3046 -24.6
197 75.1881 -24.7
198 75.0716 -24.8
199 74.9553 -24.9
200 74.839 -25
201 74.7227 -25.1
202 74.6066 -25.2
203 74.4905 -25.3
204 74.3745 -25.4
205 74.2586 -25.5
206 74.1427 -25.6
207 74.027 -25.7
208 73.9113 -25.8
209 73.7956 -25.9
210 73.6801 -26
211 73.5646 -26.1
212 73.4492 -26.2
213 73.3339 -26.3
214 73.2186 -26.4
215 73.1034 -26.5
216 72.9883 -26.6
217 72.8733 -26.7
218 72.7583 -26.8
219 72.6434 -26.9
220 72.5286 -27
221 72.4138 -27.1
222 72.2992 -27.2
223 72.1846 -27.3
224 72.07 -27.4
225 71.9555 -27.5
226 71.8411 -27.6
227 71.7268 -27.7
228 71.6126 -27.8
229 71.4984 -27.9
230 71.3843 -28
231 71.2702 -28.1
232 71.1562 -28.2
233 71.0423 -28.3
234 70.9285 -28.4
235 70.8147 -28.5
236 70.701 -28.6
237 70.5874 -28.7
238 70.4738 -28.8
239 70.3603 -28.9
240 70.2469 -29
241 70.1335 -29.1
242 70.0202 -29.2
243 69.907 -29.3
244 69.7938 -29.4
245 69.6807 -29.5
246 69.5677 -29.6
247 69.4547 -29.7
248 69.3418 -29.8
249 69.229 -29.9
250 69.1162 -30
251 69.0035 -30.1
252 68.8909 -30.2
253 68.7783 -30.3
254 68.6658 -30.4
255 68.5533 -30.5
256 68.441 -30.6
257 68.3287 -30.7
258 68.2164 -30.8
259 68.1042 -30.9
260 67.9921 -31
261 67.8801 -31.1
262 67.7681 -31.2
263 67.6561 -31.3
264 67.5443 -31.4
265 67.4325 -31.5
266 67.3207 -31.6
267 67.2091 -31.7
268 67.0974 -31.8
269 66.9859 -31.9
270 66.8744 -32
271 66.763 -32.1
272 66.6516 -32.2
273 66.5403 -32.3
274 66.4291 -32.4
275 66.3179 -32.5
276 66.2068 -32.6
277 66.0957 -32.7
278 65.9847 -32.8
279 65.8738 -32.9
280 65.7629 -33
281 65.6521 -33.1
282 65.5413 -33.2
283 65.4306 -33.3
284 65.32 -33.4
285 65.2094 -33.5
286 65.0989 -33.6
287 64.9884 -33.7
288 64.878 -33.8
289 64.7677 -33.9
290 64.6574 -34
291 64.5472 -34.1
292 64.437 -34.2
293 64.3269 -34.3
294 64.2169 -34.4
295 64.1069 -34.5
296 63.997 -34.6
297 63.8871 -34.7
298 63.7773 -34.8
299 63.6675 -34.9
300 63.5578 -35
301 63.4482 -35.1
302 63.3386 -35.2
303 63.2291 -35.3
304 63.1196 -35.4
305 63.0102 -35.5
306 62.9009 -35.6
307 62.7916 -35.7
308 62.6823 -35.8
309 62.5731 -35.9
310 62.464 -36
311 62.3549 -36.1
312 62.2459 -36.2
313 62.1369 -36.3
314 62.028 -36.4
315 61.9192 -36.5
316 61.8104 -36.6
317 61.7016 -36.7
318 61.5929 -36.8
319 61.4843 -36.9
320 61.3757 -37
321 61.2672 -37.1
322 61.1587 -37.2
323 61.0503 -37.3
324 60.9419 -37.4
325 60.8336 -37.5
326 60.7254 -37.6
327 60.6171 -37.7
328 60.509 -37.8
329 60.4009 -37.9
330 60.2929 -38
331 60.1849 -38.1
332 60.0769 -38.2
333 59.969 -38.3
334 59.8612 -38.4
335 59.7534 -38.5
336 59.6457 -38.6
337 59.538 -38.7
338 59.4304 -38.8
339 59.3228 -38.9
340 59.2153 -39
341 59.1078 -39.1
342 59.0004 -39.2
343 58.893 -39.3
344 58.7857 -39.4
345 58.6785 -39.5
346 58.5713 -39.6
347 58.4641 -39.7
348 58.357 -39.8
349 58.2499 -39.9
350 58.1429 -40
351 58.0359 -40.1
352 57.929 -40.2
353 57.8222 -40.3
354 57.7154 -40.4
355 57.6086 -40.5
356 57.5019 -40.6
357 57.3952 -40.7
358 57.2886 -40.8
359 57.1821 -40.9
360 57.0755 -41
361 56.9691 -41.1
362 56.8627 -41.2
363 56.7563 -41.3
364 56.65 -41.4
365 56.5437 -41.5
366 56.4375 -41.6
367 56.3313 -41.7
368 56.2252 -41.8
369 56.1191 -41.9
370 56.0131 -42
371 55.9071 -42.1
372 55.8012 -42.2
373 55.6953 -42.3
374 55.5895 -42.4
375 55.4837 -42.5
376 55.3779 -42.6
377 55.2722 -42.7
378 55.1666 -42.8
379 55.061 -42.9
380 54.9554 -43
381 54.8499 -43.1
382 54.7445 -43.2
383 54.639 -43.3
384 54.5337 -43.4
385 54.4283 -43.5
386 54.3231 -43.6
387 54.2178 -43.7
388 54.1127 -43.8
389 54.0075 -43.9
390 53.9024 -44
391 53.7974 -44.1
392 53.6924 -44.2
393 53.5874 -44.3
394 53.4825 -44.4
395 53.3776 -44.5
396 53.2728 -44.6
397 53.1681 -44.7
398 53.0633 -44.8
399 52.9586 -44.9
400 52.854 -45
401 52.7494 -45.1
402 52.6448 -45.2
403 52.5403 -45.3
404 52.4359 -45.4
405 52.3315 -45.5
406 52.2271 -45.6
407 52.1227 -45.7
408 52.0185 -45.8
409 51.9142 -45.9
410 51.81 -46
411 51.7059 -46.1
412 51.6017 -46.2
413 51.4977 -46.3
414 51.3936 -46.4
415 51.2897 -46.5
416 51.1857 -46.6
417 51.0818 -46.7
418 50.978 -46.8
419 50.8742 -46.9
420 50.7704 -47
421 50.6667 -47.1
422 50.563 -47.2
423 50.4593 -47.3
424 50.3557 -47.4
425 50.2522 -47.5
426 50.1486 -47.6
427 50.0452 -47.7
428 49.9417 -47.8
429 49.8383 -47.9
430 49.735 -48
431 49.6317 -48.1
432 49.5284 -48.2
433 49.4252 -48.3
434 49.322 -48.4
435 49.2189 -48.5
436 49.1158 -48.6
437 49.0127 -48.7
438 48.9097 -48.8
439 48.8067 -48.9
440 48.7037 -49
441 48.6008 -49.1
442 48.498 -49.2
443 48.3952 -49.3
444 48.2924 -49.4
445 48.1897 -49.5
446 48.087 -49.6
447 47.9843 -49.7
448 47.8817 -49.8
449 47.7791 -49.9
450 47.6766 -50
451 47.5741 -50.1
452 47.4716 -50.2
453 47.3692 -50.3
454 47.2668 -50.4
455 47.1645 -50.5
456 47.0622 -50.6
457 46.9599 -50.7
458 46.8577 -50.8
459 46.7555 -50.9
460 46.6533 -51
461 46.5512 -51.1
462 46.4492 -51.2
463 46.3471 -51.3
464 46.2451 -51.4
465 46.1432 -51.5
466 46.0413 -51.6
467 45.9394 -51.7
468 45.8375 -51.8
469 45.7357 -51.9
470 45.634 -52
471 45.5322 -52.1
472 45.4306 -52.2
473 45.3289 -52.3
474 45.2273 -52.4
475 45.1257 -52.5
476 45.0242 -52.6
477 44.9227 -52.7
478 44.8212 -52.8
479 44.7198 -52.9
480 44.6184 -53
481 44.517 -53.1
482 44.4157 -53.2
483 44.3145 -53.3
484 44.2132 -53.4
485 44.112 -53.5
486 44.0108 -53.6
487 43.9097 -53.7
488 43.8086 -53.8
489 43.7075 -53.9
490 43.6065 -54
491 43.5055 -54.1
492 43.4046 -54.2
493 43.3037 -54.3
494 43.2028 -54.4
495 43.1019 -54.5
496 43.0011 -54.6
497 42.9004 -54.7
498 42.7996 -54.8
499 42.6989 -54.9
500 42.5983 -55
501 42.4976 -55.1
502 42.397 -55.2
503 42.2965 -55.3
504 42.196 -55.4
505 42.0955 -55.5
506 41.995 -55.6
507 41.8946 -55.7
508 41.7942 -55.8
509 41.6939 -55.9
510 41.5936 -56
511 41.4933 -56.1
512 41.393 -56.2
513 41.2928 -56.3
514 41.1926 -56.4
515 41.0925 -56.5
516 40.9924 -56.6
517 40.8923 -56.7
518 40.7923 -56.8
519 40.6923 -56.9
520 40.5923 -57
521 40.4924 -57.1
522 40.3925 -57.2
523 40.2926 -57.3
524 40.1928 -57.4
525 40.093 -57.5
526 39.9932 -57.6
527 39.8934 -57.7
528 39.7937 -57.8
529 39.6941 -57.9
530 39.5944 -58
531 39.4948 -58.1
532 39.3953 -58.2
533 39.2957 -58.3
534 39.1962 -58.4
535 39.0968 -58.5
536 38.9973 -58.6
537 38.8979 -58.7
538 38.7985 -58.8
539 38.6992 -58.9
540 38.5999 -59
541 38.5006 -59.1
542 38.4014 -59.2
543 38.3022 -59.3
544 38.203 -59.4
545 38.1038 -59.5
546 38.0047 -59.6
547 37.9056 -59.7
548 37.8066 -59.8
549 37.7076 -59.9
550 37.6086 -60
551 37.5096 -60.1
552 37.4107 -60.2
553 37.3118 -60.3
554 37.213 -60.4
555 37.1141 -60.5
556 37.0153 -60.6
557 36.9166 -60.7
558 36.8178 -60.8
559 36.7191 -60.9
560 36.6205 -61
561 36.5218 -61.1
562 36.4232 -61.2
563 36.3246 -61.3
564 36.2261 -61.4
565 36.1276 -61.5
566 36.0291 -61.6
567 35.9306 -61.7
568 35.8322 -61.8
569 35.7338 -61.9
570 35.6355 -62
571 35.5371 -62.1
572 35.4388 -62.2
573 35.3405 -62.3
574 35.2423 -62.4
575 35.1441 -62.5
576 35.0459 -62.6
577 34.9478 -62.7
578 34.8496 -62.8
579 34.7515 -62.9
580 34.6535 -63
581 34.5555 -63.1
582 34.4575 -63.2
583 34.3595 -63.3
584 34.2615 -63.4
585 34.1636 -63.5
586 34.0657 -63.6
587 33.9679 -63.7
588 33.8701 -63.8
589 33.7723 -63.9
590 33.6745 -64
591 33.5768 -64.1
592 33.4791 -64.2
593 33.3814 -64.3
594 33.2837 -64.4
595 33.1861 -64.5
596 33.0885 -64.6
597 32.991 -64.7
598 32.8934 -64.8
599 32.7959 -64.9
600 32.6984 -65
601 32.601 -65.1
602 32.5036 -65.2
603 32.4062 -65.3
604 32.3088 -65.4
605 32.2115 -65.5
606 32.1142 -65.6
607 32.0169 -65.7
608 31.9197 -65.8
609 31.8224 -65.9
610 31.7252 -66
611 31.6281 -66.1
612 31.5309 -66.2
613 31.4338 -66.3
614 31.3367 -66.4
615 31.2397 -66.5
616 31.1427 -66.6
617 31.0457 -66.7
618 30.9487 -66.8
619 30.8518 -66.9
620 30.7548 -67
621 30.658 -67.1
622 30.5611 -67.2
623 30.4643 -67.3
624 30.3675 -67.4
625 30.2707 -67.5
626 30.1739 -67.6
627 30.0772 -67.7
628 29.9805 -67.8
629 29.8838 -67.9
630 29.7872 -68
631 29.6906 -68.1
632 29.594 -68.2
633 29.4974 -68.3
634 29.4009 -68.4
635 29.3044 -68.5
636 29.2079 -68.6
637 29.1115 -68.7
638 29.015 -68.8
639 28.9186 -68.9
640 28.8222 -69
641 28.7259 -69.1
642 28.6296 -69.2
643 28.5333 -69.3
644 28.437 -69.4
645 28.3408 -69.5
646 28.2445 -69.6
647 28.1484 -69.7
648 28.0522 -69.8
649 27.9561 -69.9
650 27.8599 -70
651 27.7638 -70.1
652 27.6678 -70.2
653 27.5718 -70.3
654 27.4757 -70.4
655 27.3798 -70.5
656 27.2838 -70.6
657 27.1879 -70.7
658 27.092 -70.8
659 26.9961 -70.9
660 26.9002 -71
661 26.8044 -71.1
662 26.7086 -71.2
663 26.6128 -71.3
664 26.517 -71.4
665 26.4213 -71.5
666 26.3256 -71.6
667 26.2299 -71.7
668 26.1343 -71.8
669 26.0386 -71.9
670 25.943 -72
671 25.8474 -72.1
672 25.7519 -72.2
673 25.6564 -72.3
674 25.5609 -72.4
675 25.4654 -72.5
676 25.3699 -72.6
677 25.2745 -72.7
678 25.1791 -72.8
679 25.0837 -72.9
680 24.9883 -73
681 24.893 -73.1
682 24.7977 -73.2
683 24.7024 -73.3
684 24.6071 -73.4
685 24.5119 -73.5
686 24.4167 -73.6
687 24.3215 -73.7
688 24.2263 -73.8
689 24.1312 -73.9
690 24.0361 -74
691 23.941 -74.1
692 23.8459 -74.2
693 23.7509 -74.3
694 23.6558 -74.4
695 23.5608 -74.5
696 23.4659 -74.6
697 23.3709 -74.7
698 23.276 -74.8
699 23.1811 -74.9
700 23.0862 -75
701 22.9913 -75.1
702 22.8965 -75.2
703 22.8017 -75.3
704 22.7069 -75.4
705 22.6122 -75.5
706 22.5174 -75.6
707 22.4227 -75.7
708 22.328 -75.8
709 22.2333 -75.9
710 22.1387 -76
711 22.0441 -76.1
712 21.9495 -76.2
713 21.8549 -76.3
714 21.7603 -76.4
715 21.6658 -76.5
716 21.5713 -76.6
717 21.4768 -76.7
718 21.3823 -76.8
719 21.2879 -76.9
720 21.1935 -77
721 21.0991 -77.1
722 21.0047 -77.2
723 20.9103 -77.3
724 20.816 -77.4
725 20.7217 -77.5
726 20.6274 -77.6
727 20.5332 -77.7
728 20.4389 -77.8
729 20.3447 -77.9
730 20.2505 -78
731 20.1563 -78.1
732 20.0622 -78.2
733 19.968 -78.3
734 19.8739 -78.4
735 19.7799 -78.5
736 19.6858 -78.6
737 19.5918 -78.7
738 19.4977 -78.8
739 19.4037 -78.9
740 19.3098 -79
741 19.2158 -79.1
742 19.1219 -79.2
743 19.028 -79.3
744 18.9341 -79.4
745 18.8402 -79.5
746 18.7464 -79.6
747 18.6525 -79.7
748 18.5587 -79.8
749 18.4649 -79.9
750 18.3712 -80
751 18.2774 -80.1
752 18.1837 -80.2
753 18.09 -80.3
754 17.9964 -80.4
755 17.9027 -80.5
756 17.8091 -80.6
757 17.7155 -80.7
758 17.6219 -80.8
759 17.5283 -80.9
760 17.4347 -81
761 17.3412 -81.1
762 17.2477 -81.2
763 17.1542 -81.3
764 17.0608 -81.4
765 16.9673 -81.5
766 16.8739 -81.6
767 16.7805 -81.7
768 16.6871 -81.8
769 16.5937 -81.9
770 16.5004 -82
771 16.4071 -82.1
772 16.3138 -82.2
773 16.2205 -82.3
774 16.1272 -82.4
775 16.034 -82.5
776 15.9408 -82.6
777 15.8476 -82.7
778 15.7544 -82.8
779 15.6612 -82.9
780 15.5681 -83
781 15.475 -83.1
782 15.3819 -83.2
783 15.2888 -83.3
784 15.1958 -83.4
785 15.1027 -83.5
786 15.0097 -83.6
787 14.9167 -83.7
788 14.8237 -83.8
789 14.7308 -83.9
790 14.6378 -84
791 14.5449 -84.1
792 14.452 -84.2
793 14.3591 -84.3
794 14.2663 -84.4
795 14.1734 -84.5
796 14.0806 -84.6
797 13.9878 -84.7
798 13.895 -84.8
799 13.8023 -84.9
800 13.7095 -85
801 13.6168 -85.1
802 13.5241 -85.2
803 13.4314 -85.3
804 13.3388 -85.4
805 13.2461 -85.5
806 13.1535 -85.6
807 13.0609 -85.7
808 12.9683 -85.8
809 12.8757 -85.9
810 12.7832 -86
811 12.6907 -86.1
812 12.5982 -86.2
813 12.5057 -86.3
814 12.4132 -86.4
815 12.3207 -86.5
816 12.2283 -86.6
817 12.1359 -86.7
818 12.0435 -86.8
819 11.9511 -86.9
820 11.8588 -87
821 11.7664 -87.1
822 11.6741 -87.2
823 11.5818 -87.3
824 11.4895 -87.4
825 11.3972 -87.5
826 11.305 -87.6
827 11.2128 -87.7
828 11.1206 -87.8
829 11.0284 -87.9
830 10.9362 -88
831 10.844 -88.1
832 10.7519 -88.2
833 10.6598 -88.3
834 10.5677 -88.4
835 10.4756 -88.5
836 10.3835 -88.6
837 10.2915 -88.7
838 10.1995 -88.8
839 10.1074 -88.9
840 10.0155 -89
841 9.92349 -89.1
842 9.83153 -89.2
843 9.73959 -89.3
844 9.64768 -89.4
845 9.55578 -89.5
846 9.46389 -89.6
847 9.37203 -89.7
848 9.28018 -89.8
849 9.18835 -89.9
850 9.09654 -90
851 9.00475 -90.1
852 8.91297 -90.2
853 8.82121 -90.3
854 8.72947 -90.4
855 8.63775 -90.5
856 8.54604 -90.6
857 8.45435 -90.7
858 8.36268 -90.8
859 8.27103 -90.9
860 8.1794 -91
861 8.08778 -91.1
862 7.99618 -91.2
863 7.90459 -91.3
864 7.81303 -91.4
865 7.72148 -91.5
866 7.62995 -91.6
867 7.53843 -91.7
868 7.44694 -91.8
869 7.35546 -91.9
870 7.26399 -92
871 7.17255 -92.1
872 7.08112 -92.2
873 6.98971 -92.3
874 6.89832 -92.4
875 6.80694 -92.5
876 6.71558 -92.6
877 6.62424 -92.7
878 6.53291 -92.8
879 6.4416 -92.9
880 6.35031 -93
881 6.25903 -93.1
882 6.16777 -93.2
883 6.07653 -93.3
884 5.9853 -93.4
885 5.8941 -93.5
886 5.8029 -93.6
887 5.71173 -93.7
888 5.62057 -93.8
889 5.52943 -93.9
890 5.4383 -94
891 5.34719 -94.1
892 5.2561 -94.2
893 5.16502 -94.3
894 5.07396 -94.4
895 4.98292 -94.5
896 4.89189 -94.6
897 4.80088 -94.7
898 4.70989 -94.8
899 4.61891 -94.9
900 4.52795 -95
901 4.43701 -95.1
902 4.34608 -95.2
903 4.25516 -95.3
904 4.16427 -95.4
905 4.07339 -95.5
906 3.98252 -95.6
907 3.89167 -95.7
908 3.80084 -95.8
909 3.71002 -95.9
910 3.61922 -96
911 3.52844 -96.1
912 3.43767 -96.2
913 3.34692 -96.3
914 3.25618 -96.4
915 3.16546 -96.5
916 3.07475 -96.6
917 2.98407 -96.7
918 2.89339 -96.8
919 2.80273 -96.9
920 2.71209 -97
921 2.62147 -97.1
922 2.53085 -97.2
923 2.44026 -97.3
924 2.34968 -97.4
925 2.25912 -97.5
926 2.16857 -97.6
927 2.07803 -97.7
928 1.98752 -97.8
929 1.89702 -97.9
930 1.80653 -98
931 1.71606 -98.1
932 1.6256 -98.2
933 1.53516 -98.3
934 1.44474 -98.4
935 1.35433 -98.5
936 1.26393 -98.6
937 1.17355 -98.7
938 1.08319 -98.8
939 0.99284 -98.9
940 0.902507 -99
941 0.812188 -99.1
942 0.721885 -99.2
943 0.631597 -99.3
944 0.541324 -99.4
945 0.451066 -99.5
946 0.360823 -99.6
947 0.270595 -99.7
948 0.180381 -99.8
949 0.0901833 -99.9
950 1.27898e-12 -100
