0 100 -5
1 99.8831 -4.9
2 99.766 -4.8
3 99.6489 -4.7
4 99.5316 -4.6
5 99.4142 -4.5
6 99.2967 -4.4
7 99.1792 -4.3
8 99.0615 -4.2
9 98.9436 -4.1
10 98.8257 -4
11 98.7077 -3.9
12 98.5896 -3.8
13 98.4713 -3.7
14 98.3529 -3.6
15 98.2345 -3.5
16 98.1159 -3.4
17 97.9972 -3.3
18 97.8784 -3.2
19 97.7594 -3.1
20 97.6404 -3
21 97.5212 -2.9
22 97.4019 -2.8
23 97.2825 -2.7
24 97.163 -2.6
25 97.0434 -2.5
26 96.9237 -2.4
27 96.8038 -2.3
28 96.6838 -2.2
29 96.5637 -2.1
30 96.4435 -2
31 96.3232 -1.9
32 96.2027 -1.8
33 96.0822 -1.7
34 95.9615 -1.6
35 95.8406 -1.5
36 95.7197 -1.4
37 95.5986 -1.3
38 95.4775 -1.2
39 95.3562 -1.1
40 95.2347 -1
41 95.1132 -0.9
42 94.9915 -0.8
43 94.8697 -0.7
44 94.7477 -0.6
45 94.6257 -0.5
46 94.5035 -0.4
47 94.3812 -0.3
48 94.2588 -0.2
49 94.1362 -0.1
50 94.0135 -1.02696e-15
51 94.0135 -1e-07
52 93.8908 -0.1
53 93.7682 -0.2
54 93.6458 -0.3
55 93.5235 -0.4
56 93.4013 -0.5
57 93.2792 -0.6
58 93.1573 -0.7
59 93.0355 -0.8
60 92.9138 -0.9
61 92.7923 -1
62 92.6708 -1.1
63 92.5495 -1.2
64 92.4283 -1.3
65 92.3073 -1.4
66 92.1863 -1.5
67 92.0655 -1.6
68 91.9448 -1.7
69 91.8242 -1.8
70 91.7038 -1.9
71 91.5835 -2
72 91.4632 -2.1
73 91.3431 -2.2
74 91.2232 -2.3
75 91.1033 -2.4
76 90.9836 -2.5
77 90.8639 -2.6
78 90.7444 -2.7
79 90.625 -2.8
80 90.5058 -2.9
81 90.3866 -3
82 90.2676 -3.1
83 90.1486 -3.2
84 90.0298 -3.3
85 89.9111 -3.4
86 89.7925 -3.5
87 89.674 -3.6
88 89.5557 -3.7
89 89.4374 -3.8
90 89.3193 -3.9
91 89.2013 -4
92 89.0833 -4.1
93 88.9655 -4.2
94 88.8478 -4.3
95 88.7302 -4.4
96 88.6128 -4.5
97 88.4954 -4.6
98 88.3781 -4.7
99 88.261 -4.8
100 88.1439 -4.9
101 88.027 -5
102 87.9101 -5.1
103 87.7934 -5.2
104 87.6768 -5.3
105 87.5603 -5.4
106 87.4439 -5.5
107 87.3276 -5.6
108 87.2114 -5.7
109 87.0953 -5.8
110 86.9793 -5.9
111 86.8634 -6
112 86.7476 -6.1
113 86.6319 -6.2
114 86.5163 -6.3
115 86.4008 -6.4
116 86.2855 -6.5
117 86.1702 -6.6
118 86.055 -6.7
119 85.9399 -6.8
120 85.8249 -6.9
121 85.7101 -7
122 85.5953 -7.1
123 85.4806 -7.2
124 85.366 -7.3
125 85.2515 -7.4
126 85.1371 -7.5
127 85.0229 -7.6
128 84.9087 -7.7
129 84.7946 -7.8
130 84.6806 -7.9
131 84.5667 -8
132 84.4529 -8.1
133 84.3392 -8.2
134 84.2255 -8.3
135 84.112 -8.4
136 83.9986 -8.5
137 83.8853 -8.6
138 83.772 -8.7
139 83.6589 -8.8
140 83.5458 -8.9
141 83.4329 -9
142 83.32 -9.1
143 83.2072 -9.2
144 83.0946 -9.3
145 82.982 -9.4
146 82.8695 -9.5
147 82.7571 -9.6
148 82.6447 -9.7
149 82.5325 -9.8
150 82.4204 -9.9
151 82.3083 -10
152 82.1964 -10.1
153 82.0845 -10.2
154 81.9727 -10.3
155 81.861 -10.4
156 81.7494 -10.5
157 81.6379 -10.6
158 81.5265 -10.7
159 81.4152 -10.8
160 81.3039 -10.9
161 81.1927 -11
162 81.0817 -11.1
163 80.9707 -11.2
164 80.8598 -11.3
165 80.749 -11.4
166 80.6382 -11.5
167 80.5276 -11.6
168 80.417 -11.7
169 80.3065 -11.8
170 80.1961 -11.9
171 80.0858 -12
172 79.9756 -12.1
173 79.8654 -12.2
174 79.7554 -12.3
175 79.6454 -12.4
176 79.5355 -12.5
177 79.4257 -12.6
178 79.316 -12.7
179 79.2063 -12.8
180 79.0968 -12.9
181 78.9873 -13
182 78.8779 -13.1
183 78.7685 -13.2
184 78.6593 -13.3
185 78.5501 -13.4
186 78.4411 -13.5
187 78.3321 -13.6
188 78.2231 -13.7
189 78.1143 -13.8
190 78.0055 -13.9
191 77.8968 -14
192 77.7882 -14.1
193 77.6797 -14.2
194 77.5712 -14.3
195 77.4629 -14.4
196 77.3546 -14.5
197 77.2464 -14.6
198 77.1382 -14.7
199 77.0302 -14.8
200 76.9222 -14.9
201 76.8143 -15
202 76.7064 -15.1
203 76.5987 -15.2
204 76.491 -15.3
205 76.3834 -15.4
206 76.2758 -15.5
207 76.1684 -15.6
208 76.061 -15.7
209 75.9537 -15.8
210 75.8465 -15.9
211 75.7393 -16
212 75.6322 -16.1
213 75.5252 -16.2
214 75.4183 -16.3
215 75.3114 -16.4
216 75.2046 -16.5
217 75.0979 -16.6
218 74.9912 -16.7
219 74.8846 -16.8
220 74.7781 -16.9
221 74.6717 -17
222 74.5654 -17.1
223 74.4591 -17.2
224 74.3528 -17.3
225 74.2467 -17.4
226 74.1406 -17.5
227 74.0346 -17.6
228 73.9287 -17.7
229 73.8228 -17.8
230 73.717 -17.9
231 73.6113 -18
232 73.5056 -18.1
233 73.4001 -18.2
234 73.2945 -18.3
235 73.1891 -18.4
236 73.0837 -18.5
237 72.9784 -18.6
238 72.8732 -18.7
239 72.768 -18.8
240 72.6629 -18.9
241 72.5578 -19
242 72.4529 -19.1
243 72.348 -19.2
244 72.2431 -19.3
245 72.1383 -19.4
246 72.0336 -19.5
247 71.929 -19.6
248 71.8244 -19.7
249 71.7199 -19.8
250 71.6155 -19.9
251 71.5111 -20
252 71.4068 -20.1
253 71.3026 -20.2
254 71.1984 -20.3
255 71.0943 -20.4
256 70.9902 -20.5
257 70.8862 -20.6
258 70.7823 -20.7
259 70.6785 -20.8
260 70.5747 -20.9
261 70.4709 -21
262 70.3673 -21.1
263 70.2637 -21.2
264 70.1601 -21.3
265 70.0567 -21.4
266 69.9533 -21.5
267 69.8499 -21.6
268 69.7466 -21.7
269 69.6434 -21.8
270 69.5402 -21.9
271 69.4371 -22
272 69.3341 -22.1
273 69.2311 -22.2
274 69.1282 -22.3
275 69.0254 -22.4
276 68.9226 -22.5
277 68.8198 -22.6
278 68.7172 -22.7
279 68.6146 -22.8
280 68.512 -22.9
281 68.4095 -23
282 68.3071 -23.1
283 68.2047 -23.2
284 68.1024 -23.3
285 68.0002 -23.4
286 67.898 -23.5
287 67.7959 -23.6
288 67.6938 -23.7
289 67.5918 -23.8
290 67.4898 -23.9
291 67.3879 -24
292 67.2861 -24.1
293 67.1843 -24.2
294 67.0826 -24.3
295 66.981 -24.4
296 66.8794 -24.5
297 66.7778 -24.6
298 66.6763 -24.7
299 66.5749 -24.8
300 66.4735 -24.9
301 66.3722 -25
302 66.2709 -25.1
303 66.1697 -25.2
304 66.0686 -25.3
305 65.9675 -25.4
306 65.8665 -25.5
307 65.7655 -25.6
308 65.6646 -25.7
309 65.5637 -25.8
310 65.4629 -25.9
311 65.3622 -26
312 65.2615 -26.1
313 65.1608 -26.2
314 65.0602 -26.3
315 64.9597 -26.4
316 64.8592 -26.5
317 64.7588 -26.6
318 64.6584 -26.7
319 64.5581 -26.8
320 64.4579 -26.9
321 64.3576 -27
322 64.2575 -27.1
323 64.1574 -27.2
324 64.0574 -27.3
325 63.9574 -27.4
326 63.8574 -27.5
327 63.7575 -27.6
328 63.6577 -27.7
329 63.5579 -27.8
330 63.4582 -27.9
331 63.3585 -28
332 63.2589 -28.1
333 63.1593 -28.2
334 63.0598 -28.3
335 62.9604 -28.4
336 62.861 -28.5
337 62.7616 -28.6
338 62.6623 -28.7
339 62.563 -28.8
340 62.4638 -28.9
341 62.3647 -29
342 62.2656 -29.1
343 62.1665 -29.2
344 62.0675 -29.3
345 61.9686 -29.4
346 61.8697 -29.5
347 61.7708 -29.6
348 61.672 -29.7
349 61.5733 -29.8
350 61.4746 -29.9
351 61.3759 -30
352 61.2773 -30.1
353 61.1788 -30.2
354 61.0803 -30.3
355 60.9818 -30.4
356 60.8834 -30.5
357 60.7851 -30.6
358 60.6868 -30.7
359 60.5885 -30.8
360 60.4903 -30.9
361 60.3922 -31
362 60.2941 -31.1
363 60.196 -31.2
364 60.098 -31.3
365 60 -31.4
366 59.9021 -31.5
367 59.8043 -31.6
368 59.7064 -31.7
369 59.6087 -31.8
370 59.511 -31.9
371 59.4133 -32
372 59.3157 -32.1
373 59.2181 -32.2
374 59.1205 -32.3
375 59.0231 -32.4
376 58.9256 -32.5
377 58.8282 -32.6
378 58.7309 -32.7
379 58.6336 -32.8
380 58.5363 -32.9
381 58.4391 -33
382 58.342 -33.1
383 58.2448 -33.2
384 58.1478 -33.3
385 58.0508 -33.4
386 57.9538 -33.5
387 57.8568 -33.6
388 57.76 -33.7
389 57.6631 -33.8
390 57.5663 -33.9
391 57.4696 -34
392 57.3729 -34.1
393 57.2762 -34.2
394 57.1796 -34.3
395 57.083 -34.4
396 56.9865 -34.5
397 56.89 -34.6
398 56.7936 -34.7
399 56.6972 -34.8
400 56.6009 -34.9
401 56.5045 -35
402 56.4083 -35.1
403 56.3121 -35.2
404 56.2159 -35.3
405 56.1198 -35.4
406 56.0237 -35.5
407 55.9276 -35.6
408 55.8316 -35.7
409 55.7357 -35.8
410 55.6398 -35.9
411 55.5439 -36
412 55.4481 -36.1
413 55.3523 -36.2
414 55.2566 -36.3
415 55.1609 -36.4
416 55.0652 -36.5
417 54.9696 -36.6
418 54.874 -36.7
419 54.7785 -36.8
420 54.683 -36.9
421 54.5876 -37
422 54.4922 -37.1
423 54.3968 -37.2
424 54.3015 -37.3
425 54.2062 -37.4
426 54.111 -37.5
427 54.0158 -37.6
428 53.9206 -37.7
429 53.8255 -37.8
430 53.7304 -37.9
431 53.6354 -38
432 53.5404 -38.1
433 53.4455 -38.2
434 53.3506 -38.3
435 53.2557 -38.4
436 53.1609 -38.5
437 53.0661 -38.6
438 52.9713 -38.7
439 52.8766 -38.8
440 52.782 -38.9
441 52.6873 -39
442 52.5928 -39.1
443 52.4982 -39.2
444 52.4037 -39.3
445 52.3092 -39.4
446 52.2148 -39.5
447 52.1204 -39.6
448 52.0261 -39.7
449 51.9318 -39.8
450 51.8375 -39.9
451 51.7433 -40
452 51.6491 -40.1
453 51.5549 -40.2
454 51.4608 -40.3
455 51.3667 -40.4
456 51.2727 -40.5
457 51.1787 -40.6
458 51.0847 -40.7
459 50.9908 -40.8
460 50.8969 -40.9
461 50.8031 -41
462 50.7093 -41.1
463 50.6155 -41.2
464 50.5218 -41.3
465 50.4281 -41.4
466 50.3344 -41.5
467 50.2408 -41.6
468 50.1472 -41.7
469 50.0537 -41.8
470 49.9602 -41.9
471 49.8667 -42
472 49.7733 -42.1
473 49.6799 -42.2
474 49.5866 -42.3
475 49.4932 -42.4
476 49.4 -42.5
477 49.3067 -42.6
478 49.2135 -42.7
479 49.1203 -42.8
480 49.0272 -42.9
481 48.9341 -43
482 48.841 -43.1
483 48.748 -43.2
484 48.655 -43.3
485 48.5621 -43.4
486 48.4691 -43.5
487 48.3763 -43.6
488 48.2834 -43.7
489 48.1906 -43.8
490 48.0978 -43.9
491 48.0051 -44
492 47.9124 -44.1
493 47.8197 -44.2
494 47.7271 -44.3
495 47.6345 -44.4
496 47.5419 -44.5
497 47.4494 -44.6
498 47.3569 -44.7
499 47.2645 -44.8
500 47.172 -44.9
501 47.0796 -45
502 46.9873 -45.1
503 46.895 -45.2
504 46.8027 -45.3
505 46.7104 -45.4
506 46.6182 -45.5
507 46.5261 -45.6
508 46.4339 -45.7
509 46.3418 -45.8
510 46.2497 -45.9
511 46.1577 -46
512 46.0657 -46.1
513 45.9737 -46.2
514 45.8818 -46.3
515 45.7898 -46.4
516 45.698 -46.5
517 45.6061 -46.6
518 45.5143 -46.7
519 45.4226 -46.8
520 45.3308 -46.9
521 45.2391 -47
522 45.1474 -47.1
523 45.0558 -47.2
524 44.9642 -47.3
525 44.8726 -47.4
526 44.7811 -47.5
527 44.6896 -47.6
528 44.5981 -47.7
529 44.5067 -47.8
530 44.4153 -47.9
531 44.3239 -48
532 44.2325 -48.1
533 44.1412 -48.2
534 44.0499 -48.3
535 43.9587 -48.4
536 43.8675 -48.5
537 43.7763 -48.6
538 43.6851 -48.7
539 43.594 -48.8
540 43.5029 -48.9
541 43.4119 -49
542 43.3209 -49.1
543 43.2299 -49.2
544 43.1389 -49.3
545 43.048 -49.4
546 42.9571 -49.5
547 42.8662 -49.6
548 42.7754 -49.7
549 42.6846 -49.8
550 42.5938 -49.9
551 42.5031 -50
552 42.4124 -50.1
553 42.3217 -50.2
554 42.2311 -50.3
555 42.1404 -50.4
556 42.0499 -50.5
557 41.9593 -50.6
558 41.8688 -50.7
559 41.7783 -50.8
560 41.6878 -50.9
561 41.5974 -51
562 41.507 -51.1
563 41.4166 -51.2
564 41.3263 -51.3
565 41.236 -51.4
566 41.1457 -51.5
567 41.0555 -51.6
568 40.9652 -51.7
569 40.875 -51.8
570 40.7849 -51.9
571 40.6948 -52
572 40.6047 -52.1
573 40.5146 -52.2
574 40.4246 -52.3
575 40.3345 -52.4
576 40.2446 -52.5
577 40.1546 -52.6
578 40.0647 -52.7
579 39.9748 -52.8
580 39.8849 -52.9
581 39.7951 -53
582 39.7053 -53.1
583 39.6155 -53.2
584 39.5258 -53.3
585 39.4361 -53.4
586 39.3464 -53.5
587 39.2567 -53.6
588 39.1671 -53.7
589 39.0775 -53.8
590 38.9879 -53.9
591 38.8984 -54
592 38.8089 -54.1
593 38.7194 -54.2
594 38.6299 -54.3
595 38.5405 -54.4
596 38.4511 -54.5
597 38.3617 -54.6
598 38.2724 -54.7
599 38.183 -54.8
600 38.0938 -54.9
601 38.0045 -55
602 37.9153 -55.1
603 37.8261 -55.2
604 37.7369 -55.3
605 37.6477 -55.4
606 37.5586 -55.5
607 37.4695 -55.6
608 37.3805 -55.7
609 37.2914 -55.8
610 37.2024 -55.9
611 37.1134 -56
612 37.0245 -56.1
613 36.9355 -56.2
614 36.8466 -56.3
615 36.7578 -56.4
616 36.6689 -56.5
617 36.5801 -56.6
618 36.4913 -56.7
619 36.4025 -56.8
620 36.3138 -56.9
621 36.2251 -57
622 36.1364 -57.1
623 36.0478 -57.2
624 35.9591 -57.3
625 35.8705 -57.4
626 35.7819 -57.5
627 35.6934 -57.6
628 35.6049 -57.7
629 35.5164 -57.8
630 35.4279 -57.9
631 35.3395 -58
632 35.251 -58.1
633 35.1626 -58.2
634 35.0743 -58.3
635 34.9859 -58.4
636 34.8976 -58.5
637 34.8093 -58.6
638 34.7211 -58.7
639 34.6328 -58.8
640 34.5446 -58.9
641 34.4564 -59
642 34.3683 -59.1
643 34.2802 -59.2
644 34.1921 -59.3
645 34.104 -59.4
646 34.0159 -59.5
647 33.9279 -59.6
648 33.8399 -59.7
649 33.7519 -59.8
650 33.6639 -59.9
651 33.576 -60
652 33.4881 -60.1
653 33.4002 -60.2
654 33.3124 -60.3
655 33.2246 -60.4
656 33.1368 -60.5
657 33.049 -60.6
658 32.9612 -60.7
659 32.8735 -60.8
660 32.7858 -60.9
661 32.6981 -61
662 32.6105 -61.1
663 32.5228 -61.2
664 32.4352 -61.3
665 32.3477 -61.4
666 32.2601 -61.5
667 32.1726 -61.6
668 32.0851 -61.7
669 31.9976 -61.8
670 31.9101 -61.9
671 31.8227 -62
672 31.7353 -62.1
673 31.6479 -62.2
674 31.5605 -62.3
675 31.4732 -62.4
676 31.3859 -62.5
677 31.2986 -62.6
678 31.2113 -62.7
679 31.1241 -62.8
680 31.0369 -62.9
681 30.9497 -63
682 30.8625 -63.1
683 30.7754 -63.2
684 30.6883 -63.3
685 30.6012 -63.4
686 30.5141 -63.5
687 30.4271 -63.6
688 30.34 -63.7
689 30.253 -63.8
690 30.166 -63.9
691 30.0791 -64
692 29.9922 -64.1
693 29.9052 -64.2
694 29.8184 -64.3
695 29.7315 -64.4
696 29.6447 -64.5
697 29.5578 -64.6
698 29.471 -64.7
699 29.3843 -64.8
700 29.2975 -64.9
701 29.2108 -65
702 29.1241 -65.1
703 29.0374 -65.2
704 28.9508 -65.3
705 28.8641 -65.4
706 28.7775 -65.5
707 28.6909 -65.6
708 28.6044 -65.7
709 28.5178 -65.8
710 28.4313 -65.9
711 28.3448 -66
712 28.2583 -66.1
713 28.1719 -66.2
714 28.0855 -66.3
715 27.9991 -66.4
716 27.9127 -66.5
717 27.8263 -66.6
718 27.74 -66.7
719 27.6536 -66.8
720 27.5673 -66.9
721 27.4811 -67
722 27.3948 -67.1
723 27.3086 -67.2
724 27.2224 -67.3
725 27.1362 -67.4
726 27.05 -67.5
727 26.9639 -67.6
728 26.8778 -67.7
729 26.7917 -67.8
730 26.7056 -67.9
731 26.6195 -68
732 26.5335 -68.1
733 26.4475 -68.2
734 26.3615 -68.3
735 26.2755 -68.4
736 26.1896 -68.5
737 26.1036 -68.6
738 26.0177 -68.7
739 25.9318 -68.8
740 25.846 -68.9
741 25.7601 -69
742 25.6743 -69.1
743 25.5885 -69.2
744 25.5027 -69.3
745 25.417 -69.4
746 25.3312 -69.5
747 25.2455 -69.6
748 25.1598 -69.7
749 25.0742 -69.8
750 24.9885 -69.9
751 24.9029 -70
752 24.8173 -70.1
753 24.7317 -70.2
754 24.6461 -70.3
755 24.5605 -70.4
756 24.475 -70.5
757 24.3895 -70.6
758 24.304 -70.7
759 24.2185 -70.8
760 24.1331 -70.9
761 24.0477 -71
762 23.9623 -71.1
763 23.8769 -71.2
764 23.7915 -71.3
765 23.7062 -71.4
766 23.6208 -71.5
767 23.5355 -71.6
768 23.4503 -71.7
769 23.365 -71.8
770 23.2797 -71.9
771 23.1945 -72
772 23.1093 -72.1
773 23.0241 -72.2
774 22.939 -72.3
775 22.8538 -72.4
776 22.7687 -72.5
777 22.6836 -72.6
778 22.5985 -72.7
779 22.5134 -72.8
780 22.4284 -72.9
781 22.3434 -73
782 22.2584 -73.1
783 22.1734 -73.2
784 22.0884 -73.3
785 22.0035 -73.4
786 21.9185 -73.5
787 21.8336 -73.6
788 21.7487 -73.7
789 21.6639 -73.8
790 21.579 -73.9
791 21.4942 -74
792 21.4094 -74.1
793 21.3246 -74.2
794 21.2398 -74.3
795 21.155 -74.4
796 21.0703 -74.5
797 20.9856 -74.6
798 20.9009 -74.7
799 20.8162 -74.8
800 20.7315 -74.9
801 20.6469 -75
802 20.5623 -75.1
803 20.4777 -75.2
804 20.3931 -75.3
805 20.3085 -75.4
806 20.224 -75.5
807 20.1395 -75.6
808 20.0549 -75.7
809 19.9705 -75.8
810 19.886 -75.9
811 19.8015 -76
812 19.7171 -76.1
813 19.6327 -76.2
814 19.5483 -76.3
815 19.4639 -76.4
816 19.3795 -76.5
817 19.2952 -76.6
818 19.2109 -76.7
819 19.1266 -76.8
820 19.0423 -76.9
821 18.958 -77
822 18.8738 -77.1
823 18.7895 -77.2
824 18.7053 -77.3
825 18.6211 -77.4
826 18.5369 -77.5
827 18.4528 -77.6
828 18.3686 -77.7
829 18.2845 -77.8
830 18.2004 -77.9
831 18.1163 -78
832 18.0322 -78.1
833 17.9482 -78.2
834 17.8642 -78.3
835 17.7801 -78.4
836 17.6961 -78.5
837 17.6122 -78.6
838 17.5282 -78.7
839 17.4443 -78.8
840 17.3603 -78.9
841 17.2764 -79
842 17.1925 -79.1
843 17.1086 -79.2
844 17.0248 -79.3
845 16.9409 -79.4
846 16.8571 -79.5
847 16.7733 -79.6
848 16.6895 -79.7
849 16.6058 -79.8
850 16.522 -79.9
851 16.4383 -80
852 16.3545 -80.1
853 16.2708 -80.2
854 16.1872 -80.3
855 16.1035 -80.4
856 16.0198 -80.5
857 15.9362 -80.6
858 15.8526 -80.7
859 15.769 -80.8
860 15.6854 -80.9
861 15.6018 -81
862 15.5183 -81.1
863 15.4348 -81.2
864 15.3512 -81.3
865 15.2677 -81.4
866 15.1843 -81.5
867 15.1008 -81.6
868 15.0173 -81.7
869 14.9339 -81.8
870 14.8505 -81.9
871 14.7671 -82
872 14.6837 -82.1
873 14.6004 -82.2
874 14.517 -82.3
875 14.4337 -82.4
876 14.3504 -82.5
877 14.2671 -82.6
878 14.1838 -82.7
879 14.1005 -82.8
880 14.0173 -82.9
881 13.934 -83
882 13.8508 -83.1
883 13.7676 -83.2
884 13.6844 -83.3
885 13.6013 -83.4
886 13.5181 -83.5
887 13.435 -83.6
888 13.3519 -83.7
889 13.2688 -83.8
890 13.1857 -83.9
891 13.1026 -84
892 13.0195 -84.1
893 12.9365 -84.2
894 12.8535 -84.3
895 12.7705 -84.4
896 12.6875 -84.5
897 12.6045 -84.6
898 12.5216 -84.7
899 12.4386 -84.8
900 12.3557 -84.9
901 12.2728 -85
902 12.1899 -85.1
903 12.107 -85.2
904 12.0241 -85.3
905 11.9413 -85.4
906 11.8584 -85.5
907 11.7756 -85.6
908 11.6928 -85.7
909 11.61 -85.8
910 11.5273 -85.9
911 11.4445 -86
912 11.3618 -86.1
913 11.2791 -86.2
914 11.1963 -86.3
915 11.1136 -86.4
916 11.031 -86.5
917 10.9483 -86.6
918 10.8657 -86.7
919 10.783 -86.8
920 10.7004 -86.9
921 10.6178 -87
922 10.5352 -87.1
923 10.4527 -87.2
924 10.3701 -87.3
925 10.2876 -87.4
926 10.205 -87.5
927 10.1225 -87.6
928 10.04 -87.7
929 9.95754 -87.8
930 9.87508 -87.9
931 9.79263 -88
932 9.71019 -88.1
933 9.62777 -88.2
934 9.54536 -88.3
935 9.46297 -88.4
936 9.3806 -88.5
937 9.29824 -88.6
938 9.21589 -88.7
939 9.13356 -88.8
940 9.05124 -88.9
941 8.96894 -89
942 8.88665 -89.1
943 8.80438 -89.2
944 8.72212 -89.3
945 8.63988 -89.4
946 8.55765 -89.5
947 8.47543 -89.6
948 8.39323 -89.7
949 8.31105 -89.8
950 8.22888 -89.9
951 8.14672 -90
952 8.06458 -90.1
953 7.98245 -90.2
954 7.90034 -90.3
955 7.81824 -90.4
956 7.73615 -90.5
957 7.65408 -90.6
958 7.57203 -90.7
959 7.48999 -90.8
960 7.40796 -90.9
961 7.32595 -91
962 7.24395 -91.1
963 7.16196 -91.2
964 7.07999 -91.3
965 6.99803 -91.4
966 6.91609 -91.5
967 6.83416 -91.6
968 6.75225 -91.7
969 6.67035 -91.8
970 6.58846 -91.9
971 6.50659 -92
972 6.42473 -92.1
973 6.34289 -92.2
974 6.26106 -92.3
975 6.17924 -92.4
976 6.09744 -92.5
977 6.01565 -92.6
978 5.93387 -92.7
979 5.85211 -92.8
980 5.77036 -92.9
981 5.68863 -93
982 5.60691 -93.1
983 5.5252 -93.2
984 5.44351 -93.3
985 5.36183 -93.4
986 5.28016 -93.5
987 5.19851 -93.6
988 5.11687 -93.7
989 5.03525 -93.8
990 4.95364 -93.9
991 4.87204 -94
992 4.79045 -94.1
993 4.70888 -94.2
994 4.62732 -94.3
995 4.54578 -94.4
996 4.46425 -94.5
997 4.38273 -94.6
998 4.30123 -94.7
999 4.21974 -94.8
1000 4.13826 -94.9
1001 4.05679 -95
1002 3.97534 -95.1
1003 3.8939 -95.2
1004 3.81248 -95.3
1005 3.73107 -95.4
1006 3.64967 -95.5
1007 3.56828 -95.6
1008 3.48691 -95.7
1009 3.40555 -95.8
1010 3.32421 -95.9
1011 3.24287 -96
1012 3.16155 -96.1
1013 3.08025 -96.2
1014 2.99895 -96.3
1015 2.91767 -96.4
1016 2.8364 -96.5
1017 2.75515 -96.6
1018 2.67391 -96.7
1019 2.59268 -96.8
1020 2.51146 -96.9
1021 2.43026 -97
1022 2.34907 -97.1
1023 2.26789 -97.2
1024 2.18672 -97.3
1025 2.10557 -97.4
1026 2.02443 -97.5
1027 1.9433 -97.6
1028 1.86219 -97.7
1029 1.78109 -97.8
1030 1.7 -97.9
1031 1.61892 -98
1032 1.53786 -98.1
1033 1.4568 -98.2
1034 1.37577 -98.3
1035 1.29474 -98.4
1036 1.21372 -98.5
1037 1.13272 -98.6
1038 1.05173 -98.7
1039 0.970757 -98.8
1040 0.889793 -98.9
1041 0.808841 -99
1042 0.727902 -99.1
1043 0.646975 -99.2
1044 0.56606 -99.3
1045 0.485157 -99.4
1046 0.404267 -99.5
1047 0.323389 -99.6
1048 0.242524 -99.7
1049 0.16167 -99.8
1050 0.080829 -99.9
