0 -3.1466e-08 -5
1 0.507621 -4.9
2 1.02057 -4.8
3 1.53903 -4.7
4 2.06319 -4.6
5 2.59324 -4.5
6 3.12939 -4.4
7 3.67186 -4.3
8 4.22089 -4.2
9 4.77673 -4.1
10 5.33964 -4
11 5.90992 -3.9
12 6.48786 -3.8
13 7.07378 -3.7
14 7.66804 -3.6
15 8.27102 -3.5
16 8.88311 -3.4
17 9.50475 -3.3
18 10.1364 -3.2
19 10.7786 -3.1
20 11.4319 -3
21 12.0968 -2.9
22 12.7742 -2.8
23 13.4646 -2.7
24 14.1689 -2.6
25 14.8879 -2.5
26 15.6228 -2.4
27 16.3745 -2.3
28 17.1442 -2.2
29 17.9335 -2.1
30 18.7438 -2
31 19.577 -1.9
32 20.4352 -1.8
33 21.3206 -1.7
34 22.2363 -1.6
35 23.1855 -1.5
36 24.1722 -1.4
37 25.2013 -1.3
38 26.2789 -1.2
39 27.4126 -1.1
40 28.6122 -1
41 29.8908 -0.9
42 31.2666 -0.8
43 32.7661 -0.7
44 34.43 -0.6
45 36.329 -0.5
46 38.6049 -0.4
47 41.6531 -0.3
48 47.9574 -0.21659
49 54.861 -0.31659
50 57.7242 -0.41659
51 59.9217 -0.51659
52 61.7747 -0.61659
53 63.4076 -0.71659
54 64.8842 -0.81659
55 66.2423 -0.91659
56 67.5067 -1.01659
57 68.6946 -1.11659
58 69.8183 -1.21659
59 70.8874 -1.31659
60 71.9091 -1.41659
61 72.8893 -1.51659
62 73.8327 -1.61659
63 74.7431 -1.71659
64 75.6239 -1.81659
65 76.4777 -1.91659
66 77.307 -2.01659
67 78.1137 -2.11659
68 78.8996 -2.21659
69 79.6663 -2.31659
70 80.4151 -2.41659
71 81.1472 -2.51659
72 81.8638 -2.61659
73 82.5657 -2.71659
74 83.2539 -2.81659
75 83.9291 -2.91659
76 84.5921 -3.01659
77 85.2435 -3.11659
78 85.8839 -3.21659
79 86.5139 -3.31659
80 87.1339 -3.41659
81 87.7445 -3.51659
82 88.346 -3.61659
83 88.9388 -3.71659
84 89.5234 -3.81659
85 90.1 -3.91659
86 90.6691 -4.01659
87 91.2308 -4.11659
88 91.7855 -4.21659
89 92.3334 -4.31659
90 92.8748 -4.41659
91 93.41 -4.51659
92 93.939 -4.61659
93 94.4622 -4.71659
94 94.9797 -4.81659
95 95.4918 -4.91659
96 95.9985 -5.01659
97 96.5002 -5.11659
98 96.9968 -5.21659
99 97.4886 -5.31659
100 97.9757 -5.41659
101 98.4583 -5.51659
102 98.9364 -5.61659
103 99.4103 -5.71659
104 99.88 -5.81659
105 100.346 -5.91659
106 100.807 -6.01659
107 101.265 -6.11659
108 101.719 -6.21659
109 102.169 -6.31659
110 102.616 -6.41659
111 103.059 -6.51659
112 103.499 -6.61659
113 103.936 -6.71659
114 104.369 -6.81659
115 104.799 -6.91659
116 105.226 -7.01659
117 105.65 -7.11659
118 106.072 -7.21659
119 106.49 -7.31659
120 106.905 -7.41659
121 107.318 -7.51659
122 107.727 -7.61659
123 108.135 -7.71659
124 108.539 -7.81659
125 108.941 -7.91659
126 109.341 -8.01659
127 109.738 -8.11659
128 110.132 -8.21659
129 110.524 -8.31659
130 110.914 -8.41659
131 111.302 -8.51659
132 111.687 -8.61659
133 112.071 -8.71659
134 112.452 -8.81659
135 112.83 -8.91659
136 113.207 -9.01659
137 113.582 -9.11659
138 113.955 -9.21659
139 114.326 -9.31659
140 114.694 -9.41659
141 115.061 -9.51659
142 115.426 -9.61659
143 115.79 -9.71659
144 116.151 -9.81659
145 116.511 -9.91659
146 116.868 -10.0166
147 117.224 -10.1166
148 117.579 -10.2166
149 117.931 -10.3166
150 118.282 -10.4166
151 118.632 -10.5166
152 118.98 -10.6166
